     0 30.2
   384 29.9
   768 30.0
  1152 30.0
  1536 29.9
  1920 30.1
  2304 30.0
  2688 29.9
  3072 30.0
  3456 30.0
  3840 29.9
  4224 30.0
  4608 30.0
  4992 29.8
  5376 30.0
  5760 30.0
  6144 29.8
  6528 30.0
  6912 30.0
  7296 29.9
  7680 29.6
  8064 30.0
  8448 29.9
  8832 29.9
  9216 29.9
  9600 29.8
  9984 30.0
 10368 30.0
 10752 30.1
 11136 29.1
 11520 29.9
 11904 29.9
 12288 29.5
 12672 30.0
 13056 29.9
 13440 30.0
 13824 29.9
 14208 30.0
 14592 30.0
 14976 29.9
 15360 30.0
 15744 30.0
