     0 29.6
   384 29.3
   768 29.4
  1152 29.4
  1536 29.3
  1920 29.4
  2304 29.4
  2688 29.3
  3072 29.4
  3456 29.4
  3840 29.3
  4224 29.4
  4608 29.4
  4992 27.6
  5376 28.9
  5760 29.3
  6144 29.1
  6528 28.8
  6912 28.7
  7296 28.9
  7680 28.4
  8064 28.5
  8448 28.4
  8832 27.9
  9216 27.9
  9600 27.7
  9984 27.5
 10368 27.5
 10752 27.6
 11136 27.4
 11520 27.4
 11904 27.4
 12288 26.5
 12672 26.4
 13056 26.6
 13440 27.4
 13824 26.8
 14208 27.5
 14592 27.4
 14976 27.4
 15360 26.7
 15744 26.5
